0	1
1	0.943236872
2	0.761717372
3	0.606797468
4	0.568615076
5	0.545449483
6	0.532901453
7	0.519666623
8	0.499767973
9	0.479776511
10	0.470699608
11	0.460453288
12	0.454420582
13	0.44040614
14	0.434763239
15	0.429268836
16	0.423848681
17	0.41837284
18	0.414456221
19	0.410706662
20	0.405954745
21	0.399328049
22	0.393239656
23	0.388042248
24	0.384979489
25	0.379967702
26	0.375308596
27	0.368737587
28	0.358899634
29	0.35357229
30	0.348003638
31	0.341748186
32	0.332801218
33	0.328049301
34	0.319139458
35	0.309858371
36	0.303231674
37	0.289347168
38  0