0	1
1	0.962266483
2	0.815403442
3	0.740589818
4	0.653812314
5	0.589199866
6	0.518075139
7	0.446360483
8	0.427669717
9	0.399631902
10	0.383695343
11	0.376146139
12	0.364681762
13	0.354746311
14	0.350412061
15	0.347215999
16	0.343265682
17	0.333075896
18	0.328201307
19	0.323206008
20	0.317483265
21	0.309181058
22	0.302666141
23	0.298204932
24	0.286922937
25	0.27950611
26	0.273979362
27	0.269474259
28	0.267137184
29	0.264924707
30	0.262952257
31	0.260864516
32	0.256994765
33	0.254405438
34	0.252435489
35	0.250874893
36	0.24871256
37	0.246077812
38	0.244118975
39	0.242268067
40	0.239826952
41  0