0	1
1	0.937045739
2	0.749236951
3	0.610965943
4	0.509738477
5	0.424606399
6	0.333545596
7	0.277200764
8	0.239278892
9	0.20533146
10	0.185920379
11	0.175007136
12	0.165169847
13	0.153993105
14	0.145670934
15	0.138161217
16	0.131683538
17	0.126457478
18	0.12307591
19	0.120660504
20	0.118157265
21	0.115632068
22	0.113172745
23	0.111196504
24	0.109659428
25	0.108034518
26	0.106629191
27	0.105070157
28	0.103511122
29	0.101315298
30	0.099536681
31	0.098087438
32	0.096462528
33	0.094771744
34	0.091895215
35	0.088535605
36	0.086208032
37	0.084078083
38	0.081728552
39	0.079466854
40	0.078237193
41	0.077161239
42	0.075711996
43	0.073691838
44	0.071276432
45	0.06905865
46	0.066774994
47	0.061395226
48  0