0	1
1	0.816218583
2	0.398666398
3	0.325371562
4	0.282742462
5	0.24618971
6	0.21850594
7	0.194626544
8	0.172930373
9	0.152098026
10	0.135904293
11	0.123165854
12	0.111314905
13	0.101191603
14	0.092872864
15	0.08645927
16	0.081193496
17	0.077288541
18	0.073649832
19	0.070076206
20	0.067194822
21	0.06470985
22	0.062230795
23	0.059846405
24	0.058325839
25	0.056935438
26	0.055136792
27	0.053355895
28	0.051598665
29	0.05026743
30	0.04878828
31	0.047705543
32	0.046693804
33	0.046013395
34	0.04530932
35	0.044812325
36	0.044285748
37	0.043895253
38	0.043368675
39	0.043043262
40	0.042723766
41	0.042274104
42	0.042001941
43	0.041717944
44	0.041416197
45	0.041226866
46	0.041061201
47	0.040860037
48	0.040617456
49	0.040321626
50	0.039996213
51	0.039718133
52	0.039511052
53	0.039363137
54	0.039221139
55	0.038960808
56	0.038617646
57	0.038339565
58	0.038049652
59	0.037724239
60	0.037457992
61	0.037185829
62	0.036836749
63	0.036511336
64	0.036292422
65	0.035961092
66	0.035718512
67	0.035487764
68	0.035186018
69	0.034896105
70	0.034671274
71	0.03443461
72	0.034050031
73	0.033671368
74	0.032772045
75	0.032180385
76	0.031618308
77	0.031115397
78	0.030742652
79	0.030375822
80	0.029937994
81	0.029659914
82	0.029393667
83	0.029015004
84	0.028435178
85	0.027778435
86	0.027003361
87	0.026405784
88	0.025944289
89	0.025506461
90	0.025115965
91	0.024808302
92	0.024571638
93	0.024346807
94	0.02413381
95	0.023903062
96	0.023690065
97	0.023500734
98	0.023293653
99	0.023175321
100	0.022997823
101	0.022855824
102	0.022666493
103	0.022417996
104	0.022181332
105	0.022057083
106	0.021909168
107	0.02178492
108	0.021625172
109	0.02147134
110	0.021299759
111	0.021098594
112	0.020980262
113	0.020814597
114	0.020702182
115	0.020589767
116	0.020447768
117	0.020317603
118	0.020151938
119	0.020004023
120	0.019501112
121	0.017560468
122	0.015785488
123	0.01414659
124	0.012424859
125	0.009827472
126 0