181815
294364
277628
193452
208951
219605
191820
174988
291482
191601
343716
286714
219774
195940
242070
176225
279561
252493
199640
207512
175362
315170
169371
296078
177151
295685
294944
236466
176651
353546
162910
223604
451515
239789
143702
157692
180425
297597
295709
309551
292464
149004
176138
288501
344101
304196
272890
402019
252073
171088
162991
219812
295399
189615
176774
181550
303901
292089
329389
336651
420421
113634
196133
182556
350183
230424
278891
156739
420102
319345
182971
198814
195644
180688
208706
220312
356046
167228
153877
293304
165064
199678
342416
199476
270735
150981
169510
173902
221158
191808
177674
240362
276700
290699
298325
134070
260456
184901
191734
336337
232184
176678
175669
159420
364297
255511
191359
211967
178719
173172
229638
311715
156903
217783
161191
365953
255706
166544
284010
264069
334437
287155
190315
223901
192763
