127652
180724
183592
115993
113251
146370
124808
119225
182594
123181
230974
213816
165218
120712
147555
121960
195980
144476
123462
125457
111865
213848
105409
200001
130392
210615
177437
169789
108782
268165
120309
126708
271271
178688
112282
89468
126501
183612
191005
209861
184037
98119
100900
180851
249876
220885
190873
254115
147574
120613
104826
129000
182439
119582
109788
125636
181943
158995
200043
230324
262344
79943
116484
128817
216320
162764
168287
103025
255521
222946
125849
143078
122328
100075
138582
132101
226227
103119
111587
207322
113931
126296
225150
144937
164824
102941
123962
111484
140007
118396
117119
169731
169952
181435
180654
98400
162312
120784
134912
248516
156726
120493
115157
101637
251094
186211
135785
125168
126654
115313
154089
210665
103601
133521
103720
218420
143241
110180
178939
165002
208369
210391
118559
157032
129469
