78064
109333
116797
73548
66264
92997
78125
74313
111468
78837
146001
125119
101453
74727
91905
77173
121292
87752
75780
80106
68833
131968
66051
123427
83927
132810
113987
109720
69718
168579
76192
76064
164986
111111
67292
54985
80277
116296
117025
133043
114714
61911
63781
114669
154704
141175
119780
160662
91824
77353
66523
80539
110488
76332
70157
78064
111369
102626
120759
145305
167004
48627
75687
83272
132497
103429
100791
64530
153930
143511
77202
89289
78225
63228
83389
82945
143918
66682
70435
126755
69690
82689
143304
92871
103398
64768
74920
69448
87576
75171
76142
105936
108667
112101
116297
61869
103061
78479
83145
157869
98803
75790
72225
62177
155583
119299
85024
75293
78947
71892
97577
132812
64577
83399
65589
137208
88858
68785
107522
104384
132686
133515
73807
99224
82898
